                                                                                  Summary Actions Played Description                                                                                   
 Actions Played Description \ Game #  |   1   |   2   |   3   |   4   |   5   |   6   |   7   |   8   |   9   |  10   |  11   |  12   |  13   |  14   |  15   |  16   |  17   |  18   |  19   |  20   |
-------------------------------------------------------------------------------------------------------------------------------------------------------------------------------------------------------
         BuyCard: COPPER by player 0  |   16  |   17  |   19  |   12  |   17  |   16  |   13  |   15  |   17  |   15  |   14  |   12  |   17  |   19  |   18  |   18  |   16  |   15  |   13  |   15  |
           BuyCard: GOLD by player 1  |    4  |    0  |    4  |    3  |    3  |    0  |    3  |    6  |    2  |    3  |    5  |    4  |    1  |    4  |    4  |    5  |    0  |    0  |    3  |    2  |
           BuyCard: GOLD by player 0  |    4  |    3  |   13  |    8  |    9  |    0  |    5  |    3  |    3  |    1  |    3  |    1  |    1  |    2  |    0  |    1  |    1  |    3  |    2  |    2  |
         BuyCard: SILVER by player 1  |   19  |    8  |   18  |   17  |   20  |    6  |   24  |   23  |   10  |   11  |   17  |   17  |    9  |   21  |   13  |   17  |    9  |   14  |   11  |   14  |
         BuyCard: SILVER by player 0  |   11  |    8  |   11  |   11  |   16  |   10  |   16  |   17  |   11  |   15  |   13  |   15  |    9  |   13  |    6  |    9  |    6  |   17  |   14  |   14  |
       BuyCard: PROVINCE by player 0  |    0  |    0  |    3  |    0  |    8  |    0  |    0  |    1  |    0  |    5  |    2  |    6  |    1  |    3  |    0  |    2  |    0  |    1  |    1  |    0  |
       BuyCard: PROVINCE by player 1  |    0  |    0  |    0  |    5  |    0  |    0  |    2  |    4  |    0  |    3  |    6  |    2  |    0  |    2  |    1  |    0  |    0  |    0  |    0  |    1  |
          BuyCard: DUCHY by player 1  |    3  |    4  |    4  |    5  |    5  |    7  |    6  |    5  |    6  |    5  |    5  |    4  |    4  |    3  |    3  |    5  |    3  |    6  |    1  |    3  |
          BuyCard: DUCHY by player 0  |    5  |    4  |    4  |    3  |    3  |    1  |    2  |    3  |    2  |    3  |    3  |    4  |    4  |    5  |    5  |    3  |    5  |    2  |    7  |    5  |
                   End Current Phase  |  148  |  107  |  153  |  188  |  161  |  124  |  159  |  152  |  112  |  140  |  149  |  138  |  105  |  153  |  110  |  116  |  102  |  149  |  119  |  153  |
         BuyCard: COPPER by player 1  |   16  |   15  |   13  |   20  |   12  |   16  |    8  |    7  |   15  |   13  |   15  |   11  |   15  |   13  |   14  |   14  |   16  |   17  |   19  |   17  |
         BuyCard: ESTATE by player 0  |    8  |    2  |    1  |    2  |    0  |    2  |    5  |    7  |    5  |    5  |    5  |    4  |    4  |    4  |    7  |    6  |    7  |    5  |    5  |    3  |
         BuyCard: ESTATE by player 1  |    0  |    6  |    7  |    6  |    8  |    6  |    3  |    1  |    3  |    3  |    3  |    4  |    4  |    4  |    1  |    2  |    1  |    3  |    3  |    5  |

                                                         Stats Actions Played Description                                                          
            Measure             |  Count  |  sum   |         Mean         |  Min  |  Max  |  Range  |       Variance       |       Std. Dev       |
---------------------------------------------------------------------------------------------------------------------------------------------------
             End Current Phase  |     20  |  2738  |  136.89999999999998  |  102  |  188  |     86  |   553.1473684210524  |   23.51908519524202  |
   BuyCard: COPPER by player 0  |     20  |   314  |  15.699999999999998  |   12  |   19  |      7  |   4.536842105263156  |  2.1299864096428305  |
   BuyCard: SILVER by player 1  |     20  |   298  |                14.9  |    6  |   24  |     18  |  26.936842105263157  |   5.190071493270893  |
   BuyCard: COPPER by player 1  |     20  |   286  |                14.3  |    7  |   20  |     13  |  10.221052631578944  |   3.197038102928857  |
   BuyCard: SILVER by player 0  |     20  |   242  |  12.100000000000001  |    6  |   17  |     11  |   11.77894736842105  |  3.4320471104606143  |
    BuyCard: DUCHY by player 1  |     20  |    87  |  4.3500000000000005  |    1  |    7  |      6  |   2.028947368421053  |  1.4244112357114616  |
   BuyCard: ESTATE by player 0  |     20  |    87  |                4.35  |    0  |    8  |      8  |   4.660526315789473  |  2.1588252165910684  |
    BuyCard: DUCHY by player 0  |     20  |    73  |  3.6500000000000004  |    1  |    7  |      6  |   2.028947368421052  |  1.4244112357114613  |
   BuyCard: ESTATE by player 1  |     20  |    73  |  3.6499999999999995  |    0  |    8  |      8  |   4.660526315789473  |  2.1588252165910684  |
     BuyCard: GOLD by player 0  |     20  |    65  |  3.2499999999999996  |    0  |   13  |     13  |  10.828947368421051  |   3.290736599672033  |
     BuyCard: GOLD by player 1  |     20  |    56  |                 2.8  |    0  |    6  |      6  |  3.3263157894736834  |  1.8238190122579827  |
 BuyCard: PROVINCE by player 0  |     20  |    33  |  1.6500000000000001  |    0  |    8  |      8  |   5.292105263157895  |  2.3004576203785834  |
 BuyCard: PROVINCE by player 1  |     20  |    26  |                 1.3  |    0  |    6  |      6  |  3.4842105263157888  |   1.866604008973459  |

