                                                                                  Summary Actions Played                                                                                   
 Actions Played \ Game #  |   1   |   2   |   3   |   4   |   5   |   6   |   7   |   8   |   9   |  10   |  11   |  12   |  13   |  14   |  15   |  16   |  17   |  18   |  19   |  20   |
-------------------------------------------------------------------------------------------------------------------------------------------------------------------------------------------
                EndPhase  |  148  |  107  |  153  |  188  |  161  |  124  |  159  |  152  |  112  |  140  |  149  |  138  |  105  |  153  |  110  |  116  |  102  |  149  |  119  |  153  |
                 BuyCard  |   86  |   67  |   97  |   92  |  101  |   64  |   87  |   92  |   74  |   82  |   91  |   84  |   69  |   93  |   72  |   82  |   64  |   83  |   79  |   81  |

                                                     Stats Actions Played                                                     
 Measure   |  Count  |  sum   |         Mean         |  Min  |  Max  |  Range  |       Variance       |       Std. Dev       |
------------------------------------------------------------------------------------------------------------------------------
 EndPhase  |     20  |  2738  |  136.89999999999998  |  102  |  188  |     86  |   553.1473684210524  |   23.51908519524202  |
  BuyCard  |     20  |  1640  |   81.99999999999999  |   64  |  101  |     37  |  118.42105263157897  |  10.882143751650176  |

